230,3
230,2
230,1
230,0
229,3
229,2
229,1
229,0
228,3
228,2
228,1
228,0
227,5
227,4
227,3
227,2
227,1
227,0
226,4
226,3
226,2
226,1
226,0
225,3
225,2
225,1
225,0
224,3
224,2
224,1
224,0
223,4
223,3
223,2
223,1
223,0
222,3
222,2
222,1
222,0
0,541
0,540
221,3
221,2
221,1
221,0
220,3
220,2
220,1
220,0
219,3
219,2
219,1
219,0
218,5
218,4
218,3
218,2
218,1
218,0
217,4
217,3
217,2
217,1
217,0
216,3
216,2
216,1
216,0
215,3
215,2
215,1
215,0
214,4
214,3
214,2
214,1
214,0
213,3
213,2
213,1
213,0
0,243
0,539
212,3
212,2
212,1
212,0
211,3
211,2
211,1
211,0
210,3
210,2
210,1
210,0
209,5
209,4
209,3
209,2
209,1
209,0
208,4
208,3
208,2
208,1
208,0
207,3
207,2
207,1
207,0
206,3
206,2
206,1
206,0
0,538
0,537
205,4
205,3
205,2
205,1
205,0
204,3
204,2
204,1
204,0
0,278
0,9
3,2
3,1
3,3
10,170
10,202
10,246
10,168
10,304
10,22
10,156
10,1
10,12
